1 6
2999
50
2999
20
3000
50
0.50166892867 5.506786
0.30445596e+03
-0.29246240e+03
0.25936879e+03
-0.21279351e+03
0.16222418e+03
-0.11565504e+03
0.77657139e+02
-0.49459134e+02
0.30096741e+02 
-0.17647647e+02  
0.10079229e+02 
-0.56679867e+01
0.31471671e+01 
-0.16926725e+01  
0.83080983e+00 
-0.32045924e+00
0.43083842e-01  
0.71180609e-01 
-0.80703041e-01  
0.40004844e-01
0.69687721e-02 
-0.34140286e-01  
0.35449120e-01 
-0.19416553e-01
-0.94260660e-04  
0.12374417e-01 
-0.14123978e-01  
0.83839819e-02
-0.68941295e-03 
-0.46642694e-02  
0.61732081e-02 
-0.45789067e-02
0.15684861e-02  
0.12577503e-02 
-0.28294279e-02  
0.27524002e-02
-0.13507935e-02 
-0.50369185e-03  
0.18173852e-02 
-0.20072890e-02
0.11756781e-02  
0.46434708e-04 
-0.95057807e-03  
0.11598252e-02
-0.74925394e-03  
0.76951376e-04  
0.48572414e-03 
-0.73796546e-03
0.67108122e-03 
-0.38578059e-03
0.50166892867 5.506786
0.52964646e+00 
-0.44073267e+00  
0.25208702e+00 
-0.95290224e-01
0.19759642e-01  
0.68694927e-03 
-0.18189331e-02  
0.54578970e-03
-0.27853954e-04 
-0.26302771e-04 
-0.81195931e-07 
-0.69935840e-05
-0.47951341e-05 
-0.18672084e-05  
0.22369459e-06  
0.13900187e-05
0.16240708e-05  
0.12047706e-05  
0.53765701e-06 
-0.85403471e-07
0. 12.0
0.69224921e+01  
0.64800853e+01  
0.10640811e+01 
-0.70027261e+00
0.42658861e+00 
-0.24747078e+00  
0.14973660e+00 
-0.10526858e+00
0.85244639e-01 
-0.70361762e-01  
0.53888912e-01 
-0.37027135e-01
0.23543108e-01 
-0.15218851e-01  
0.11465448e-01 
-0.99548881e-02
0.87732261e-02 
-0.68315704e-02  
0.43754677e-02 
-0.19201175e-02
0.15816718e-03  
0.82391771e-03 
-0.10487669e-02  
0.92466144e-03
-0.60811269e-03  
0.35920233e-03 
-0.12048655e-03 
-0.12175874e-04
0.14734652e-03 
-0.18921031e-03  
0.22176135e-03 
-0.15904159e-03
0.10073551e-03  
0.62018660e-05 
-0.58992235e-04  
0.11237315e-03
-0.94959483e-04  
0.79288001e-04 
-0.20668466e-04 
-0.98451254e-05
0.52165530e-04 
-0.53755259e-04  
0.57593085e-04 
-0.29919627e-04
0.11568545e-04  
0.19533174e-04 
-0.32189831e-04  
0.42955087e-04
-0.34913164e-04  
0.21427995e-04
